<?xml version="1.0" encoding="utf-8"?>
<opencv_storage>
   <camera-matrix type_id="opencv-matrix">
      <rows>3</rows>
      <cols>3</cols>
      <dt>d</dt>
      <data>485.3392884122463329 0.0000000000000000 319.9295497199756824 
0.0000000000000000 485.3074185082293184 170.2286662335965843 
0.0000000000000000 0.0000000000000000 1.0000000000000000 
</data>
   </camera-matrix>
   <distortion type_id="opencv-matrix">
      <rows>5</rows>
      <cols>1</cols>
      <dt>d</dt>
      <data>0.0395452864214421 -0.0341869309237102 -0.0008141953201968 0.0000863431676734 -0.0602897013587813 </data>
   </distortion>
</opencv_storage>